# Joint configuration before the last step of the step up experiment
# for debugging

hip_yaw_1: -0.5587023496627808
hip_pitch_1: -1.0920666456222534
knee_pitch_1: -1.8188421726226807
ankle_pitch_1: -0.4971601366996765
ankle_yaw_1: 0.727697491645813
j_wheel_1: -0.009699098765850067
hip_yaw_2: 1.3576995134353638
hip_pitch_2: 1.5746201276779175
knee_pitch_2: 1.8343621492385864
ankle_pitch_2: 0.4874049127101898
ankle_yaw_2: -0.9552530646324158
j_wheel_2: -0.2534772753715515
hip_yaw_3: 1.12619948387146
hip_pitch_3: 1.4808021783828735
knee_pitch_3: 1.9788999557495117
ankle_pitch_3: 0.2344263345003128
ankle_yaw_3: -0.768756628036499
j_wheel_3: 0.31817880272865295
hip_yaw_4: -0.5030246376991272
hip_pitch_4: -0.8605220317840576
knee_pitch_4: -0.5284631848335266
ankle_pitch_4: -0.21952538192272186
ankle_yaw_4: 0.06403769552707672
j_wheel_4: 0.330146461725235
torso_yaw: 0.13370291888713837
j_arm1_1: 0.6945348978042603
j_arm1_2: 1.035418152809143
j_arm1_3: 0.45763418078422546
j_arm1_4: -1.695652961730957
j_arm1_5: 0.05799483880400658
j_arm1_6: -0.27058225870132446
j_arm1_7: 0.44589823484420776
j_arm2_1: 0.6325153112411499
j_arm2_2: -1.087225317955017
j_arm2_3: -0.36240461468696594
j_arm2_4: -2.053237199783325
j_arm2_5: 0.018787993118166924
j_arm2_6: -0.4537354111671448
j_arm2_7: -0.42832258343696594

neck_velodyne: -0.0029533824417740107
neck_yaw: 0.009065638296306133
neck_pitch: 0.1919402927160263

world_x: 0.0636990070343
world_y: -0.0826525613666
world_z: 0.039887085557
world_w: 0.993740439415